00040000 0 10
00040000 1 10
00040000 1 10
00040000 1 10
00040000 0 10
00040000 1 07
00040000 1 08
00040000 1 09
00040000 1 09
00040000 0 09
00040000 1 07
00040000 1 07
00040000 1 07
00040000 1 07
00040000 1 07
00040000 1 07
00040000 1 08
00040000 1 09
00040000 1 09
00040000 1 09
00040000 0 10
00040000 1 07
00040000 1 07
00040000 1 07
00040000 1 07
00040000 1 07
00040000 1 08
00040000 1 09
00040000 0 09
00040000 1 07
00040000 1 07
00040000 0 07
00040000 1 07
00040000 1 07
00040000 1 07
00040000 1 07
00040000 1 07
00040000 1 07
00040000 1 07
00040000 1 07
00040000 1 07
00040000 1 07
00040000 1 07
00040000 1 07
00040000 1 07
00040000 1 07
00040000 1 08
00040000 0 09
00040000 1 07
00040000 1 07
00040000 1 07
00040000 0 07
00040000 1 07
00040000 1 07
00040000 1 07
00040000 1 07
00040000 1 07
00040000 1 07
00040000 1 07
00040000 1 07
00040000 1 07
00040000 1 07
00040000 1 07
00040000 1 07
00040000 1 07
00040000 1 07
00040000 1 08
00040000 1 09
00040000 1 09
00040000 1 09
00040000 1 10
00020000 1 07
00040000 1 10
00040000 1 10
00040000 0 10
00040000 1 07
00040000 0 08
00020000 1 05
00020000 1 05
00020000 1 05
00040000 0 07
00020000 1 04
00020000 1 04
00040000 1 07
00020000 1 05
00020000 1 05
00020000 1 05
00040000 1 07
00020000 1 05
00020000 0 05
00040000 1 06
00040000 1 07
00020000 1 04
00040000 1 07
00040000 1 07
00020000 1 05
00020000 1 05
00020000 1 05
00040000 1 07
00020000 0 05
00020000 1 04
00020000 1 04
00020000 1 04
00020000 1 05
00020000 0 05
00020000 1 04
00020000 1 04
00020000 1 04
00020000 1 04
00020000 1 04
00020000 1 04
00020000 1 04
00020000 1 04
00020000 1 05
00020000 1 05
00020000 0 05
00040000 1 05
00020000 1 04
00040000 1 05
00020000 1 04
00020000 1 04
00020000 1 04
00020000 1 04
00040000 1 07
00020000 1 05
00040000 1 07
00020000 1 05
00020000 1 05
00020000 1 05
00020000 1 05
00020000 1 05
00020000 1 05
00020000 1 05
00020000 0 05
00020000 1 05
00020000 1 05
00020000 1 05
00020000 0 05
00020000 1 04
00020000 1 04
00020000 1 04
00020000 1 04
00020000 1 04
00020000 1 05
00020000 1 05
00040000 1 07
00020000 0 05
00020000 1 04
00020000 1 04
00020000 1 04
00020000 1 04
00020000 1 04
00040000 0 07
00020000 1 04
00020000 1 04
00020000 1 04
00020000 1 04
00020000 0 04
00020000 1 03
00020000 1 03
00020000 0 04
00020000 1 03
00020000 1 03
00020000 1 03
00020000 1 03
00020000 1 03
00020000 0 03
00020000 0 03
00020000 1 03
00020000 1 03
00020000 1 03
00020000 1 03
00040000 1 04
00020000 1 03
00020000 1 03
00020000 1 03
00020000 1 03
00020000 1 03
00020000 1 03
00020000 1 03
00020000 1 03
00020000 1 03
00020000 1 03
00020000 1 03
00020000 1 03
00020000 1 03
00020000 0 03
00020000 1 03
00020000 1 03
00020000 1 03
00020000 1 03
00020000 1 03
00000000 1 03
00020000 1 03
00020000 1 03
00020000 1 03
00020000 1 03
00020000 1 03
00000000 1 03
00020000 1 03
00020000 1 04
00020000 1 04
00020000 0 04
00020000 1 03
00020000 1 03
00020000 1 03
00020000 1 03
00020000 1 03
00020000 1 03
00020000 1 03
00020000 0 04
00020000 1 03
00020000 1 03
00020000 1 03
00020000 0 03
00020000 0 03
00020000 1 03
00020000 1 03
00020000 1 03
00020000 1 03
00020000 1 03
00020000 1 03
00020000 1 03
00020000 1 03
00020000 1 03
00020000 0 03
00020000 1 03
00020000 1 03
00020000 1 03
00020000 1 03
00020000 1 03
00020000 1 03
00020000 1 03
00020000 1 03
00020000 1 03
00020000 1 03
00020000 1 03
00020000 1 03
00020000 0 03
00020000 1 03
00020000 1 03
00020000 1 03
00020000 1 03
00020000 1 03
00020000 1 03
00020000 1 03
00020000 1 03
00020000 1 03
00020000 1 03
00020000 1 03
00020000 1 03
00020000 1 03
00020000 1 03
00020000 1 03
00020000 1 03
00020000 1 03
00020000 1 03
00020000 0 03
00020000 0 03
00020000 1 03
00020000 1 03
00020000 1 03
00020000 1 03
00020000 1 03
00020000 1 03
00020000 1 03
00020000 1 03
00020000 1 03
00020000 1 03
00020000 1 03
00020000 1 03
00020000 1 03
00020000 1 03
00020000 1 03
00020000 1 03
00020000 1 03
00020000 1 03
00020000 1 03
00020000 1 03
00020000 1 03
00020000 0 04
00020000 1 03
00020000 1 03
00020000 0 03
00020000 0 03
00020000 1 03
00020000 1 03
00020000 1 03
00020000 1 03
00020000 1 03
00020000 1 03
00020000 1 03
00020000 0 03
00020000 1 03
00020000 1 03
00020000 1 03
00020000 1 03
00020000 1 03
00020000 1 03
00020000 1 03
00020000 1 03
00020000 1 03
00020000 1 03
00020000 1 03
00020000 0 03
00020000 1 03
00020000 1 03
00020000 1 03
00020000 0 03
00020000 1 03
00020000 1 03
00020000 1 03
00020000 1 03
00040000 1 03
00020000 0 03
00040000 1 03
00040000 0 03
00020000 1 03
00020000 1 03
00020000 1 03
00040000 0 03
00020000 1 03
00020000 1 03
00020000 1 03
00020000 1 03
00020000 1 03
00040000 1 03
00020000 1 03
00040000 0 03
00040000 1 03
00040000 1 03
00040000 1 03
00040000 1 03
00040000 1 03
00040000 0 03
00040000 1 03
00040000 1 03
00040000 1 03
00040000 1 03
00040000 1 03
00040000 1 03
00040000 1 03
00020000 1 03
00040000 1 03
00040000 0 03
00040000 1 03
00040000 1 03
00040000 1 03
00040000 1 03
00040000 1 03
00040000 1 03
00040000 1 03
00040000 0 03
00040000 0 03
00040000 1 03
00040000 1 03
00040000 1 03
00040000 1 03
00040000 1 03
00040000 0 03
00040000 1 03
00040000 1 03
00040000 1 03
00040000 1 03
00040000 1 03
00040000 1 03
00040000 1 03
00040000 1 03
00040000 1 03
00040000 1 03
00040000 1 03
00040000 1 03
00040000 1 03
00040000 0 03
00040000 1 03
00040000 1 03
00040000 1 03
00040000 0 03
00040000 0 03
00040000 1 03
00040000 0 03
00040000 0 03
00040000 1 03
00040000 1 03
00040000 1 03
00040000 1 03
00040000 1 03
00040000 1 03
00040000 1 03
00040000 1 03
00040000 1 03
00040000 1 03
00040000 1 03
00040000 0 03
00060000 0 03
00040000 1 03
00040000 1 03
00040000 1 03
00040000 1 03
00040000 1 03
